512	8192
0	1
0	2
0	3
0	4
0	5
0	6
0	7
0	8
0	9
0	10
0	11
0	12
0	13
0	14
0	15
0	16
0	17
0	18
0	19
0	20
0	22
0	23
0	24
0	25
0	26
0	27
0	28
0	31
0	32
0	33
0	34
0	35
0	36
0	37
0	38
0	39
0	40
0	41
0	42
0	43
0	48
0	49
0	56
0	57
0	58
0	59
0	63
0	64
0	65
0	66
0	67
0	68
0	69
0	71
0	72
0	73
0	74
0	75
0	76
0	79
0	80
0	81
0	82
0	83
0	84
0	88
0	89
0	90
0	96
0	97
0	102
0	104
0	105
0	106
0	120
0	128
0	129
0	130
0	131
0	133
0	135
0	136
0	137
0	138
0	139
0	141
0	144
0	145
0	146
0	147
0	148
0	150
0	152
0	153
0	154
0	156
0	157
0	162
0	168
0	170
0	171
0	186
0	192
0	193
0	194
0	195
0	196
0	200
0	202
0	207
0	208
0	209
0	210
0	214
0	224
0	249
0	256
0	257
0	258
0	259
0	260
0	261
0	262
0	263
0	264
0	265
0	266
0	267
0	268
0	269
0	270
0	271
0	272
0	273
0	274
0	275
0	276
0	278
0	279
0	280
0	281
0	282
0	283
0	284
0	285
0	288
0	289
0	290
0	291
0	292
0	293
0	294
0	295
0	296
0	297
0	298
0	299
0	303
0	304
0	305
0	306
0	312
0	314
0	320
0	321
0	322
0	323
0	324
0	326
0	328
0	329
0	330
0	331
0	332
0	333
0	334
0	336
0	337
0	338
0	339
0	341
0	342
0	344
0	346
0	349
0	352
0	353
0	354
0	355
0	357
0	360
0	362
0	364
0	370
0	372
0	384
0	385
0	386
0	387
0	388
0	389
0	390
0	392
0	393
0	394
0	395
0	400
0	401
0	402
0	403
0	405
0	406
0	408
0	409
0	412
0	416
0	417
0	419
0	420
0	423
0	424
0	428
0	448
0	450
0	451
0	456
0	457
0	458
0	460
0	464
0	473
0	480
0	483
1	0
1	2
1	3
1	4
1	6
1	7
1	8
1	9
1	10
1	11
1	12
1	14
1	15
1	16
1	17
1	18
1	19
1	20
1	23
1	24
1	25
1	26
1	29
1	32
1	33
1	35
1	36
1	40
1	41
1	42
1	48
1	56
1	64
1	66
1	67
1	68
1	69
1	70
1	72
1	73
1	74
1	83
1	90
1	91
1	96
1	115
1	116
1	128
1	129
1	130
1	131
1	132
1	136
1	138
1	139
1	140
1	143
1	144
1	145
1	150
1	176
1	192
1	193
1	198
1	203
1	204
1	217
1	256
1	257
1	258
1	259
1	260
1	262
1	263
1	264
1	265
1	266
1	267
1	269
1	271
1	272
1	273
1	274
1	275
1	276
1	278
1	280
1	282
1	283
1	284
1	285
1	287
1	288
1	289
1	290
1	291
1	298
1	299
1	300
1	304
1	306
1	312
1	320
1	321
1	322
1	323
1	324
1	326
1	327
1	328
1	329
1	330
1	331
1	332
1	338
1	340
1	344
1	352
1	356
1	363
1	384
1	385
1	386
1	388
1	390
1	391
1	392
1	393
1	394
1	398
1	400
1	401
1	402
1	448
1	452
1	456
1	464
1	474
2	0
2	1
2	3
2	4
2	5
2	6
2	7
2	8
2	9
2	10
2	11
2	12
2	13
2	16
2	17
2	18
2	19
2	20
2	21
2	22
2	24
2	25
2	30
2	32
2	33
2	34
2	35
2	40
2	41
2	44
2	48
2	49
2	50
2	52
2	64
2	65
2	66
2	68
2	72
2	73
2	75
2	76
2	80
2	81
2	83
2	84
2	87
2	88
2	89
2	96
2	98
2	99
2	106
2	107
2	120
2	125
2	128
2	129
2	130
2	131
2	132
2	133
2	134
2	135
2	136
2	137
2	138
2	139
2	144
2	147
2	148
2	160
2	161
2	165
2	176
2	177
2	192
2	194
2	196
2	200
2	205
2	208
2	224
2	232
2	249
2	256
2	257
2	258
2	259
2	260
2	261
2	263
2	264
2	265
2	266
2	267
2	268
2	269
2	270
2	272
2	273
2	274
2	275
2	276
2	277
2	280
2	281
2	282
2	285
2	286
2	288
2	289
2	291
2	297
2	299
2	300
2	304
2	306
2	310
2	312
2	316
2	320
2	321
2	322
2	323
2	324
2	325
2	326
2	328
2	329
2	332
2	336
2	339
2	340
2	341
2	344
2	346
2	352
2	355
2	384
2	385
2	386
2	387
2	388
2	389
2	391
2	392
2	393
2	395
2	396
2	400
2	409
2	410
2	416
2	425
2	429
2	453
2	456
2	488
2	492
3	0
3	1
3	2
3	4
3	5
3	8
3	10
3	11
3	17
3	18
3	22
3	26
3	32
3	33
3	34
3	41
3	48
3	53
3	64
3	65
3	66
3	69
3	70
3	72
3	80
3	128
3	130
3	136
3	137
3	176
3	201
3	256
3	257
3	258
3	259
3	260
3	263
3	264
3	265
3	268
3	272
3	274
3	277
3	279
3	283
3	284
3	286
3	288
3	289
3	304
3	320
3	325
3	328
3	336
3	337
3	345
3	352
3	354
3	359
3	372
3	384
3	398
3	400
3	408
3	409
3	418
3	432
3	448
4	0
4	1
4	2
4	3
4	5
4	6
4	7
4	8
4	9
4	10
4	11
4	12
4	13
4	14
4	15
4	16
4	17
4	18
4	19
4	20
4	21
4	22
4	24
4	25
4	26
4	30
4	32
4	34
4	35
4	36
4	37
4	38
4	39
4	40
4	41
4	43
4	48
4	50
4	64
4	65
4	66
4	67
4	68
4	69
4	70
4	71
4	72
4	74
4	78
4	81
4	82
4	83
4	84
4	87
4	91
4	96
4	97
4	101
4	106
4	107
4	128
4	129
4	130
4	132
4	133
4	135
4	136
4	137
4	138
4	141
4	148
4	154
4	155
4	160
4	162
4	192
4	193
4	196
4	204
4	205
4	207
4	208
4	224
4	229
4	256
4	257
4	258
4	259
4	260
4	261
4	262
4	263
4	264
4	265
4	266
4	267
4	268
4	269
4	270
4	272
4	273
4	274
4	275
4	276
4	277
4	278
4	280
4	281
4	282
4	283
4	288
4	289
4	290
4	291
4	292
4	293
4	295
4	296
4	304
4	306
4	307
4	308
4	312
4	314
4	320
4	321
4	322
4	323
4	324
4	325
4	328
4	329
4	331
4	332
4	333
4	334
4	336
4	341
4	346
4	347
4	361
4	368
4	370
4	373
4	382
4	384
4	385
4	386
4	388
4	392
4	393
4	394
4	401
4	403
4	411
4	412
4	417
4	424
4	425
4	433
4	440
4	448
4	450
4	451
4	457
4	486
5	0
5	1
5	2
5	3
5	4
5	7
5	8
5	9
5	10
5	12
5	15
5	16
5	18
5	21
5	32
5	35
5	40
5	49
5	64
5	66
5	67
5	72
5	74
5	79
5	83
5	96
5	128
5	132
5	133
5	136
5	138
5	160
5	162
5	164
5	167
5	198
5	256
5	257
5	258
5	259
5	260
5	264
5	265
5	266
5	268
5	269
5	271
5	288
5	291
5	304
5	320
5	321
5	324
5	339
5	384
5	388
5	390
5	392
5	400
5	402
5	403
5	424
5	450
5	454
6	0
6	1
6	2
6	3
6	4
6	5
6	7
6	8
6	9
6	10
6	12
6	13
6	14
6	16
6	17
6	19
6	20
6	22
6	23
6	24
6	25
6	27
6	30
6	32
6	33
6	34
6	40
6	41
6	42
6	48
6	56
6	64
6	65
6	67
6	72
6	73
6	75
6	76
6	80
6	84
6	87
6	89
6	99
6	128
6	136
6	161
6	162
6	168
6	193
6	210
6	256
6	257
6	258
6	260
6	261
6	262
6	263
6	264
6	265
6	266
6	268
6	269
6	278
6	280
6	281
6	284
6	285
6	289
6	293
6	297
6	299
6	305
6	320
6	321
6	324
6	328
6	330
6	332
6	336
6	337
6	345
6	352
6	384
6	389
6	395
6	404
6	452
6	464
7	0
7	2
7	8
7	12
7	16
7	17
7	32
7	33
7	64
7	68
7	72
7	80
7	85
7	121
7	144
7	145
7	192
7	256
7	258
7	260
7	264
7	265
7	267
7	272
7	292
7	328
7	344
7	353
7	403
8	0
8	1
8	2
8	3
8	4
8	5
8	6
8	7
8	9
8	10
8	11
8	12
8	13
8	14
8	15
8	16
8	17
8	18
8	19
8	20
8	24
8	25
8	26
8	27
8	28
8	32
8	33
8	34
8	35
8	36
8	37
8	38
8	40
8	42
8	43
8	44
8	48
8	50
8	51
8	64
8	65
8	66
8	67
8	68
8	70
8	71
8	72
8	73
8	74
8	75
8	76
8	78
8	80
8	81
8	82
8	83
8	88
8	91
8	96
8	97
8	98
8	105
8	128
8	129
8	130
8	131
8	132
8	133
8	134
8	136
8	137
8	138
8	139
8	142
8	144
8	145
8	146
8	147
8	152
8	156
8	192
8	194
8	197
8	200
8	202
8	204
8	224
8	240
8	256
8	257
8	258
8	259
8	260
8	261
8	263
8	264
8	265
8	266
8	267
8	268
8	270
8	271
8	272
8	273
8	274
8	275
8	276
8	277
8	278
8	280
8	282
8	288
8	289
8	290
8	291
8	292
8	295
8	296
8	297
8	304
8	307
8	308
8	312
8	320
8	321
8	322
8	323
8	324
8	325
8	326
8	328
8	329
8	330
8	336
8	338
8	339
8	344
8	345
8	352
8	353
8	360
8	369
8	379
8	384
8	385
8	386
8	387
8	388
8	391
8	392
8	394
8	400
8	402
8	416
8	418
8	419
8	421
8	425
8	439
8	448
8	449
8	451
8	475
9	0
9	1
9	2
9	3
9	4
9	5
9	6
9	8
9	10
9	12
9	16
9	17
9	18
9	19
9	24
9	25
9	32
9	33
9	41
9	42
9	53
9	64
9	66
9	68
9	80
9	81
9	101
9	117
9	128
9	129
9	130
9	136
9	146
9	160
9	162
9	192
9	193
9	212
9	256
9	257
9	258
9	259
9	260
9	262
9	264
9	265
9	266
9	272
9	275
9	280
9	282
9	288
9	289
9	296
9	298
9	304
9	320
9	321
9	322
9	323
9	328
9	330
9	337
9	338
9	343
9	345
9	384
9	386
9	387
9	388
9	392
9	400
9	424
9	452
10	0
10	1
10	2
10	3
10	4
10	5
10	6
10	7
10	8
10	9
10	16
10	17
10	18
10	20
10	24
10	25
10	26
10	28
10	32
10	33
10	34
10	36
10	49
10	56
10	64
10	65
10	66
10	67
10	68
10	72
10	74
10	76
10	80
10	82
10	93
10	96
10	99
10	104
10	113
10	128
10	129
10	130
10	131
10	132
10	133
10	144
10	146
10	153
10	168
10	192
10	193
10	195
10	201
10	212
10	256
10	257
10	258
10	259
10	260
10	262
10	263
10	264
10	265
10	266
10	270
10	272
10	273
10	274
10	275
10	276
10	277
10	278
10	280
10	281
10	288
10	290
10	291
10	296
10	298
10	304
10	305
10	309
10	320
10	321
10	329
10	337
10	344
10	345
10	352
10	353
10	360
10	361
10	362
10	377
10	384
10	385
10	387
10	388
10	392
10	395
10	400
10	401
10	402
10	405
10	408
10	411
10	416
10	418
10	448
10	452
10	492
11	0
11	1
11	2
11	4
11	5
11	6
11	8
11	9
11	10
11	12
11	16
11	18
11	22
11	32
11	48
11	56
11	80
11	88
11	120
11	129
11	141
11	192
11	194
11	256
11	258
11	261
11	263
11	264
11	266
11	272
11	281
11	288
11	292
11	320
11	322
11	393
11	402
12	0
12	1
12	2
12	3
12	4
12	5
12	6
12	8
12	10
12	11
12	13
12	14
12	15
12	16
12	17
12	18
12	19
12	20
12	24
12	27
12	32
12	36
12	37
12	39
12	42
12	44
12	52
12	57
12	58
12	66
12	67
12	68
12	72
12	73
12	76
12	77
12	80
12	81
12	83
12	128
12	129
12	130
12	132
12	134
12	135
12	136
12	138
12	148
12	149
12	181
12	192
12	224
12	256
12	257
12	258
12	259
12	260
12	261
12	262
12	264
12	265
12	266
12	269
12	270
12	272
12	273
12	274
12	275
12	276
12	277
12	279
12	280
12	288
12	291
12	292
12	296
12	304
12	306
12	307
12	318
12	320
12	324
12	328
12	329
12	331
12	336
12	338
12	384
12	385
12	392
12	396
12	397
12	400
12	403
12	406
12	409
12	413
12	448
12	449
13	0
13	1
13	2
13	5
13	16
13	17
13	18
13	20
13	24
13	29
13	32
13	33
13	41
13	70
13	75
13	77
13	132
13	164
13	256
13	257
13	258
13	259
13	265
13	266
13	267
13	271
13	272
13	276
13	285
13	290
13	292
13	300
13	308
13	324
13	328
13	345
13	386
13	393
13	408
13	410
13	456
13	460
14	0
14	2
14	3
14	6
14	8
14	9
14	13
14	16
14	64
14	65
14	66
14	68
14	69
14	72
14	128
14	133
14	147
14	152
14	194
14	200
14	256
14	257
14	258
14	260
14	261
14	264
14	265
14	266
14	272
14	274
14	277
14	280
14	288
14	289
14	298
14	313
14	320
14	321
14	328
14	329
14	344
14	372
14	385
14	400
14	416
14	449
14	482
15	0
15	1
15	4
15	17
15	34
15	64
15	80
15	107
15	129
15	136
15	192
15	256
15	260
15	264
15	265
15	267
15	268
15	272
15	273
15	321
15	324
15	333
15	344
16	0
16	1
16	2
16	3
16	4
16	5
16	6
16	7
16	8
16	9
16	10
16	11
16	12
16	17
16	18
16	19
16	24
16	25
16	27
16	29
16	31
16	32
16	33
16	34
16	35
16	36
16	38
16	40
16	41
16	42
16	48
16	49
16	50
16	57
16	64
16	66
16	67
16	68
16	72
16	76
16	78
16	80
16	81
16	86
16	88
16	95
16	107
16	115
16	120
16	128
16	129
16	130
16	132
16	136
16	138
16	144
16	147
16	150
16	163
16	194
16	195
16	197
16	200
16	256
16	257
16	258
16	259
16	260
16	261
16	264
16	265
16	266
16	267
16	272
16	273
16	274
16	275
16	276
16	280
16	289
16	290
16	291
16	294
16	296
16	297
16	303
16	306
16	310
16	320
16	321
16	322
16	323
16	326
16	328
16	330
16	336
16	338
16	352
16	369
16	379
16	384
16	388
16	389
16	392
16	402
16	408
16	426
16	449
17	0
17	1
17	2
17	6
17	8
17	10
17	12
17	32
17	35
17	43
17	65
17	72
17	131
17	138
17	139
17	160
17	163
17	208
17	212
17	256
17	257
17	258
17	259
17	260
17	262
17	266
17	270
17	278
17	282
17	294
17	296
17	297
17	321
17	322
17	384
17	389
17	393
17	478
18	0
18	1
18	2
18	8
18	10
18	13
18	16
18	17
18	25
18	29
18	34
18	35
18	43
18	48
18	49
18	50
18	64
18	65
18	67
18	80
18	99
18	128
18	131
18	136
18	145
18	153
18	168
18	256
18	257
18	258
18	259
18	260
18	263
18	264
18	265
18	266
18	272
18	273
18	274
18	276
18	279
18	280
18	288
18	290
18	294
18	321
18	329
18	357
18	385
18	393
18	400
18	426
18	448
19	0
19	2
19	5
19	32
19	44
19	64
19	161
19	225
19	256
19	257
19	448
20	0
20	1
20	2
20	3
20	7
20	8
20	9
20	10
20	11
20	16
20	25
20	26
20	33
20	43
20	64
20	66
20	68
20	80
20	147
20	152
20	195
20	203
20	256
20	257
20	259
20	260
20	264
20	266
20	268
20	272
20	276
20	280
20	282
20	288
20	292
20	294
20	295
20	320
20	324
20	328
20	331
20	332
20	336
20	385
20	408
20	425
20	450
20	452
21	0
21	1
21	2
21	16
21	64
21	82
21	257
21	258
21	260
21	264
21	271
21	282
21	295
21	304
21	324
22	0
22	1
22	2
22	7
22	11
22	17
22	24
22	25
22	32
22	54
22	65
22	80
22	88
22	108
22	130
22	136
22	146
22	161
22	269
22	271
22	273
22	305
22	320
22	348
22	369
22	385
22	401
22	428
23	1
23	32
23	154
23	289
23	320
23	330
23	357
24	0
24	1
24	2
24	3
24	4
24	5
24	6
24	8
24	9
24	16
24	17
24	25
24	26
24	27
24	32
24	33
24	42
24	45
24	48
24	64
24	65
24	74
24	80
24	81
24	84
24	121
24	128
24	129
24	133
24	137
24	144
24	146
24	156
24	160
24	210
24	256
24	257
24	258
24	259
24	260
24	264
24	266
24	272
24	273
24	275
24	279
24	282
24	288
24	290
24	299
24	305
24	306
24	309
24	320
24	321
24	323
24	325
24	328
24	353
24	358
24	370
24	377
24	384
24	399
24	400
24	427
24	432
24	469
25	0
25	5
25	6
25	9
25	10
25	32
25	65
25	71
25	72
25	82
25	130
25	144
25	200
25	208
25	256
25	257
25	258
25	259
25	264
25	265
25	320
25	331
25	386
25	393
25	465
26	0
26	1
26	2
26	8
26	9
26	16
26	17
26	18
26	22
26	24
26	56
26	64
26	75
26	128
26	160
26	256
26	257
26	260
26	261
26	263
26	265
26	272
26	274
26	276
26	291
26	320
26	321
26	324
26	325
26	336
26	402
27	8
27	16
27	25
27	26
27	32
27	193
27	259
27	272
27	290
27	296
27	320
28	0
28	2
28	9
28	16
28	32
28	39
28	75
28	139
28	145
28	256
28	257
28	263
28	265
28	273
28	274
28	276
28	278
28	345
28	347
28	386
28	416
29	0
29	2
29	3
29	261
29	270
29	344
29	386
30	6
30	8
30	275
30	312
30	326
30	384
30	385
30	390
31	0
31	16
32	0
32	1
32	2
32	3
32	4
32	5
32	6
32	7
32	8
32	9
32	10
32	11
32	13
32	16
32	18
32	19
32	24
32	25
32	26
32	33
32	34
32	40
32	41
32	42
32	43
32	44
32	45
32	46
32	48
32	49
32	51
32	56
32	57
32	58
32	64
32	65
32	66
32	68
32	69
32	72
32	73
32	75
32	80
32	82
32	83
32	96
32	98
32	99
32	104
32	105
32	119
32	125
32	128
32	129
32	130
32	131
32	136
32	140
32	146
32	148
32	160
32	161
32	162
32	179
32	193
32	224
32	241
32	256
32	257
32	258
32	259
32	260
32	261
32	262
32	264
32	265
32	266
32	268
32	269
32	272
32	273
32	274
32	275
32	276
32	279
32	287
32	288
32	289
32	290
32	292
32	293
32	295
32	296
32	298
32	299
32	300
32	302
32	304
32	306
32	307
32	312
32	320
32	321
32	322
32	323
32	325
32	330
32	335
32	337
32	345
32	360
32	361
32	369
32	384
32	385
32	386
32	392
32	393
32	394
32	402
32	408
32	409
32	424
32	432
32	433
32	440
32	449
33	0
33	1
33	2
33	10
33	11
33	14
33	16
33	24
33	26
33	34
33	36
33	37
33	40
33	41
33	44
33	45
33	58
33	63
33	64
33	66
33	100
33	106
33	130
33	137
33	161
33	178
33	256
33	257
33	258
33	262
33	263
33	264
33	267
33	271
33	277
33	289
33	296
33	297
33	305
33	312
33	320
33	328
33	352
33	363
33	368
33	376
33	384
33	385
33	386
33	387
33	400
33	433
33	448
34	0
34	1
34	2
34	4
34	5
34	8
34	9
34	10
34	13
34	16
34	17
34	19
34	20
34	24
34	25
34	32
34	33
34	35
34	41
34	43
34	47
34	48
34	50
34	64
34	65
34	72
34	90
34	97
34	98
34	104
34	128
34	129
34	133
34	136
34	138
34	168
34	169
34	256
34	257
34	258
34	261
34	262
34	264
34	265
34	268
34	272
34	273
34	276
34	278
34	280
34	282
34	288
34	289
34	290
34	293
34	297
34	312
34	320
34	321
34	324
34	328
34	330
34	349
34	353
34	354
34	356
34	357
34	364
34	376
34	385
34	408
34	416
34	417
34	458
35	1
35	9
35	20
35	32
35	40
35	48
35	64
35	66
35	241
35	257
35	264
35	268
35	273
35	290
35	292
35	305
35	416
35	450
36	0
36	1
36	2
36	4
36	7
36	9
36	13
36	16
36	18
36	20
36	21
36	32
36	38
36	39
36	42
36	49
36	56
36	64
36	72
36	88
36	96
36	136
36	137
36	144
36	161
36	168
36	256
36	257
36	258
36	260
36	261
36	264
36	265
36	269
36	274
36	277
36	282
36	288
36	291
36	294
36	301
36	302
36	320
36	321
36	322
36	328
36	352
36	384
36	385
36	392
36	423
36	457
36	481
37	0
37	1
37	14
37	18
37	33
37	40
37	97
37	113
37	152
37	160
37	169
37	261
37	264
37	288
37	394
38	0
38	3
38	5
38	8
38	33
38	34
38	37
38	48
38	60
38	68
38	80
38	106
38	135
38	256
38	257
38	259
38	264
38	270
38	272
38	288
38	289
38	293
38	297
38	304
38	308
38	321
38	322
39	20
39	136
39	256
39	265
39	300
39	324
40	0
40	1
40	2
40	3
40	4
40	5
40	8
40	9
40	10
40	16
40	18
40	32
40	33
40	34
40	36
40	42
40	48
40	50
40	52
40	55
40	64
40	67
40	72
40	80
40	81
40	97
40	99
40	128
40	129
40	136
40	193
40	256
40	257
40	258
40	259
40	260
40	265
40	268
40	272
40	273
40	274
40	275
40	288
40	289
40	290
40	292
40	293
40	296
40	299
40	304
40	305
40	320
40	324
40	332
40	347
40	362
40	379
40	398
40	416
40	418
40	419
40	432
40	452
40	455
41	0
41	1
41	3
41	8
41	16
41	19
41	32
41	48
41	65
41	90
41	194
41	256
41	274
41	288
41	322
41	328
41	416
42	0
42	1
42	10
42	24
42	32
42	33
42	34
42	40
42	67
42	81
42	96
42	98
42	104
42	128
42	256
42	257
42	258
42	260
42	262
42	264
42	266
42	274
42	281
42	288
42	289
42	296
42	305
42	314
42	317
42	320
42	321
42	336
42	354
42	393
42	412
43	0
43	3
43	8
43	68
43	256
43	264
43	265
43	275
43	288
43	297
43	320
44	0
44	6
44	8
44	9
44	16
44	33
44	34
44	50
44	67
44	128
44	132
44	160
44	179
44	256
44	257
44	265
44	272
44	288
44	289
44	290
44	298
44	304
44	354
44	371
44	385
44	389
44	437
44	457
45	2
45	32
45	37
45	136
45	276
45	362
46	4
46	9
46	16
46	74
46	128
46	271
46	272
46	276
46	280
46	288
46	289
46	419
47	9
47	16
48	0
48	10
48	11
48	40
48	42
48	96
48	139
48	256
48	259
48	264
48	266
48	271
48	282
48	288
48	298
48	299
48	321
48	323
48	328
48	339
48	400
49	0
49	32
49	40
49	82
49	257
49	258
49	293
50	0
50	5
50	16
50	32
50	34
50	48
50	73
50	265
50	291
50	311
50	407
50	459
51	1
51	8
51	357
52	8
52	9
52	33
52	38
52	90
52	129
52	256
52	261
52	272
52	274
52	296
52	352
52	377
52	418
52	422
52	448
53	263
53	288
54	7
54	9
54	32
54	400
55	256
56	4
56	8
56	10
56	38
56	48
56	58
56	73
56	128
56	167
56	176
56	256
56	257
56	480
57	0
57	4
57	256
58	16
58	105
59	65
60	0
60	2
60	3
60	21
60	38
60	290
62	17
62	65
62	392
64	0
64	1
64	2
64	3
64	4
64	5
64	6
64	7
64	8
64	9
64	10
64	11
64	14
64	16
64	17
64	18
64	20
64	22
64	24
64	25
64	26
64	27
64	29
64	32
64	33
64	34
64	40
64	41
64	42
64	45
64	49
64	52
64	56
64	65
64	66
64	67
64	68
64	69
64	70
64	72
64	73
64	74
64	75
64	79
64	80
64	82
64	87
64	89
64	95
64	96
64	112
64	122
64	128
64	129
64	130
64	131
64	132
64	133
64	135
64	136
64	137
64	138
64	139
64	143
64	144
64	145
64	146
64	147
64	152
64	153
64	154
64	155
64	160
64	161
64	164
64	168
64	179
64	192
64	194
64	195
64	208
64	217
64	256
64	257
64	258
64	259
64	260
64	261
64	262
64	263
64	264
64	265
64	266
64	267
64	268
64	271
64	272
64	273
64	274
64	280
64	281
64	282
64	283
64	284
64	286
64	288
64	289
64	290
64	292
64	293
64	294
64	296
64	298
64	299
64	303
64	304
64	311
64	312
64	314
64	320
64	321
64	322
64	323
64	324
64	325
64	326
64	328
64	331
64	332
64	334
64	336
64	337
64	342
64	352
64	354
64	360
64	369
64	371
64	384
64	385
64	386
64	387
64	392
64	393
64	394
64	398
64	400
64	401
64	402
64	404
64	406
64	407
64	408
64	409
64	410
64	416
64	417
64	419
64	426
64	448
64	450
64	455
64	464
64	480
64	482
65	0
65	1
65	2
65	3
65	4
65	6
65	8
65	9
65	10
65	11
65	16
65	17
65	18
65	20
65	21
65	24
65	27
65	32
65	34
65	39
65	41
65	58
65	64
65	67
65	70
65	72
65	73
65	74
65	76
65	80
65	89
65	128
65	133
65	136
65	138
65	148
65	149
65	152
65	153
65	160
65	195
65	256
65	257
65	258
65	259
65	260
65	262
65	264
65	265
65	266
65	267
65	272
65	273
65	274
65	278
65	280
65	281
65	284
65	288
65	298
65	304
65	321
65	322
65	324
65	326
65	329
65	330
65	331
65	339
65	384
65	392
65	393
65	400
65	401
65	408
66	0
66	1
66	2
66	3
66	4
66	5
66	6
66	8
66	10
66	12
66	14
66	16
66	17
66	18
66	24
66	25
66	26
66	27
66	29
66	32
66	33
66	34
66	35
66	36
66	40
66	41
66	48
66	57
66	64
66	65
66	68
66	72
66	76
66	81
66	86
66	96
66	99
66	105
66	128
66	129
66	130
66	131
66	133
66	134
66	136
66	137
66	138
66	144
66	145
66	152
66	161
66	165
66	168
66	195
66	200
66	256
66	257
66	258
66	259
66	260
66	261
66	264
66	265
66	266
66	268
66	270
66	272
66	273
66	278
66	280
66	282
66	284
66	285
66	286
66	288
66	289
66	291
66	295
66	297
66	304
66	305
66	320
66	323
66	328
66	329
66	332
66	336
66	339
66	340
66	352
66	384
66	385
66	392
66	400
66	401
66	402
66	449
66	459
66	464
66	484
67	0
67	1
67	3
67	4
67	5
67	8
67	9
67	10
67	12
67	16
67	17
67	19
67	32
67	33
67	64
67	73
67	128
67	129
67	136
67	148
67	200
67	256
67	257
67	258
67	260
67	264
67	274
67	289
67	296
67	320
67	384
67	448
68	0
68	1
68	2
68	3
68	4
68	5
68	8
68	9
68	10
68	11
68	12
68	16
68	17
68	18
68	22
68	29
68	33
68	40
68	41
68	48
68	51
68	64
68	65
68	67
68	73
68	74
68	75
68	76
68	80
68	81
68	93
68	96
68	101
68	104
68	128
68	129
68	130
68	131
68	132
68	137
68	139
68	140
68	144
68	160
68	192
68	193
68	209
68	224
68	256
68	257
68	258
68	259
68	260
68	261
68	262
68	264
68	266
68	268
68	273
68	274
68	275
68	277
68	280
68	286
68	288
68	294
68	296
68	304
68	320
68	321
68	322
68	324
68	327
68	337
68	339
68	345
68	357
68	362
68	384
68	388
68	389
68	392
68	394
68	396
68	404
68	408
68	448
68	452
69	0
69	1
69	2
69	4
69	6
69	10
69	11
69	12
69	24
69	32
69	34
69	39
69	64
69	80
69	128
69	256
69	259
69	260
69	261
69	267
69	289
69	306
69	330
69	334
69	355
69	396
70	0
70	1
70	2
70	4
70	5
70	6
70	8
70	9
70	16
70	17
70	20
70	33
70	41
70	64
70	67
70	80
70	129
70	132
70	144
70	145
70	175
70	192
70	256
70	257
70	258
70	260
70	261
70	264
70	265
70	266
70	268
70	269
70	272
70	273
70	274
70	280
70	281
70	284
70	320
70	325
70	330
70	384
70	392
70	400
70	409
70	416
71	12
71	84
71	86
71	256
71	258
71	265
71	266
71	304
71	305
71	313
71	352
72	0
72	1
72	2
72	3
72	4
72	7
72	8
72	9
72	10
72	11
72	15
72	16
72	17
72	18
72	19
72	21
72	24
72	26
72	32
72	33
72	34
72	36
72	37
72	40
72	42
72	43
72	44
72	48
72	55
72	64
72	65
72	66
72	67
72	73
72	80
72	90
72	96
72	105
72	117
72	128
72	130
72	138
72	139
72	140
72	160
72	162
72	192
72	193
72	208
72	209
72	217
72	256
72	257
72	258
72	259
72	260
72	261
72	263
72	264
72	265
72	266
72	268
72	272
72	274
72	275
72	276
72	280
72	282
72	283
72	288
72	289
72	290
72	291
72	292
72	296
72	297
72	298
72	304
72	305
72	320
72	321
72	322
72	323
72	324
72	331
72	337
72	354
72	370
72	384
72	385
72	386
72	387
72	388
72	391
72	392
72	394
72	398
72	425
72	428
72	448
72	456
72	457
72	475
73	0
73	1
73	2
73	3
73	4
73	5
73	8
73	10
73	12
73	16
73	18
73	34
73	48
73	51
73	64
73	65
73	67
73	80
73	81
73	128
73	129
73	146
73	256
73	257
73	258
73	259
73	265
73	267
73	272
73	289
73	291
73	322
73	323
73	336
73	360
73	385
73	413
74	0
74	1
74	2
74	3
74	6
74	8
74	10
74	11
74	12
74	16
74	17
74	18
74	20
74	21
74	24
74	25
74	26
74	49
74	56
74	65
74	66
74	67
74	80
74	128
74	129
74	130
74	145
74	153
74	256
74	257
74	258
74	259
74	260
74	264
74	265
74	270
74	272
74	273
74	288
74	289
74	296
74	317
74	320
74	338
74	352
74	384
74	448
74	449
75	0
75	1
75	3
75	5
75	8
75	16
75	26
75	32
75	64
75	96
75	144
75	256
75	257
75	258
75	259
75	278
75	331
75	385
75	400
76	0
76	1
76	2
76	3
76	8
76	9
76	12
76	20
76	23
76	24
76	32
76	33
76	38
76	42
76	65
76	66
76	67
76	98
76	128
76	130
76	161
76	195
76	197
76	256
76	257
76	258
76	264
76	269
76	273
76	289
76	292
76	304
76	306
76	320
76	322
76	337
76	385
76	416
76	448
77	0
77	6
77	7
77	8
77	16
77	32
77	74
77	76
77	145
77	160
77	217
77	256
77	257
77	268
77	273
77	276
77	320
77	326
77	348
77	363
77	386
77	400
78	0
78	2
78	6
78	18
78	29
78	35
78	52
78	65
78	67
78	129
78	133
78	205
78	256
78	257
78	272
78	288
78	292
78	301
78	321
78	328
78	336
78	337
78	385
79	0
79	6
79	9
79	144
79	292
79	321
79	324
79	470
80	0
80	1
80	2
80	3
80	4
80	11
80	12
80	16
80	18
80	20
80	23
80	40
80	64
80	69
80	73
80	113
80	115
80	128
80	131
80	134
80	136
80	139
80	142
80	152
80	256
80	257
80	258
80	259
80	261
80	264
80	265
80	268
80	273
80	274
80	282
80	291
80	296
80	320
80	332
80	384
80	385
80	392
80	394
80	398
80	400
80	407
80	408
80	416
80	466
80	488
81	2
81	6
81	8
81	9
81	10
81	17
81	65
81	68
81	130
81	256
81	257
81	266
81	272
81	281
81	320
81	328
81	332
81	405
82	0
82	1
82	2
82	4
82	5
82	8
82	9
82	18
82	21
82	32
82	41
82	45
82	128
82	129
82	193
82	256
82	257
82	260
82	261
82	267
82	272
82	273
82	289
82	291
82	320
82	321
82	337
82	393
83	0
83	2
83	256
83	258
83	259
83	320
83	322
84	4
84	17
84	18
84	62
84	64
84	68
84	75
84	256
84	258
84	259
84	264
84	273
84	328
84	360
84	368
84	384
84	416
85	8
85	21
85	34
85	128
85	256
85	258
85	272
85	296
85	298
85	325
86	0
86	2
86	4
86	18
86	64
86	97
86	256
86	259
86	260
86	268
86	354
86	452
87	8
87	288
88	0
88	2
88	4
88	5
88	8
88	9
88	10
88	18
88	19
88	33
88	58
88	64
88	67
88	80
88	98
88	128
88	136
88	139
88	145
88	256
88	259
88	262
88	264
88	272
88	293
88	320
88	377
88	384
88	388
88	392
88	400
88	411
88	432
89	10
89	16
89	33
89	49
89	192
89	265
89	272
89	275
89	419
90	0
90	41
90	69
90	259
90	266
90	269
90	274
90	416
92	4
92	16
92	24
92	144
92	192
92	264
92	282
92	306
92	321
92	445
93	128
93	148
93	273
95	0
95	320
96	0
96	1
96	2
96	3
96	4
96	5
96	10
96	12
96	16
96	32
96	33
96	34
96	35
96	36
96	43
96	50
96	64
96	65
96	67
96	72
96	98
96	99
96	105
96	113
96	128
96	140
96	160
96	164
96	208
96	256
96	257
96	258
96	259
96	260
96	265
96	266
96	267
96	269
96	270
96	276
96	288
96	289
96	290
96	291
96	296
96	297
96	299
96	300
96	320
96	321
96	322
96	323
96	336
96	339
96	344
96	357
96	368
96	384
96	392
96	408
96	416
96	421
97	0
97	2
97	4
97	32
97	34
97	42
97	50
97	81
97	128
97	151
97	162
97	185
97	211
97	274
97	288
97	290
97	298
97	299
97	300
97	359
97	417
98	0
98	1
98	4
98	7
98	8
98	9
98	13
98	24
98	56
98	64
98	137
98	151
98	169
98	171
98	256
98	257
98	258
98	260
98	261
98	262
98	264
98	265
98	267
98	280
98	288
98	298
98	304
98	320
98	328
98	339
98	344
98	352
98	353
98	362
98	384
98	399
98	400
98	424
98	449
99	0
99	1
99	16
99	64
99	112
99	256
99	257
99	266
99	289
99	298
99	320
99	386
100	2
100	3
100	6
100	8
100	12
100	14
100	16
100	19
100	27
100	30
100	32
100	64
100	96
100	102
100	264
100	273
100	278
100	288
100	289
100	354
100	385
100	433
101	24
101	135
101	226
101	451
102	27
102	96
102	256
102	258
102	260
102	289
102	332
103	8
103	291
104	0
104	1
104	4
104	9
104	10
104	29
104	32
104	33
104	35
104	37
104	41
104	49
104	86
104	96
104	97
104	154
104	166
104	256
104	258
104	265
104	280
104	282
104	284
104	285
104	289
104	296
104	304
104	328
104	330
104	386
104	391
104	392
104	417
105	0
105	8
105	12
105	18
105	34
105	48
105	64
105	80
105	198
105	320
105	354
105	416
106	0
106	1
106	8
106	32
106	33
106	37
106	57
106	128
106	129
106	130
106	213
106	256
106	289
106	297
106	298
106	416
106	481
107	260
107	292
107	298
108	0
108	25
108	32
108	34
108	35
108	60
108	66
108	128
108	160
108	276
108	387
108	388
110	16
110	450
111	0
111	6
111	290
112	0
112	1
112	3
112	4
112	8
112	9
112	48
112	129
112	136
112	257
112	260
112	280
112	306
112	344
112	384
113	322
114	42
114	256
114	337
114	384
116	0
116	7
116	32
116	260
116	321
120	0
120	3
120	81
120	152
120	180
120	258
120	284
120	296
120	312
121	256
122	48
122	304
124	130
124	283
126	320
128	0
128	1
128	2
128	3
128	4
128	5
128	6
128	7
128	8
128	9
128	10
128	11
128	12
128	13
128	15
128	16
128	17
128	18
128	19
128	22
128	23
128	24
128	25
128	26
128	27
128	28
128	29
128	30
128	32
128	33
128	34
128	38
128	40
128	41
128	43
128	48
128	50
128	56
128	57
128	64
128	65
128	66
128	67
128	68
128	69
128	70
128	72
128	75
128	76
128	80
128	81
128	83
128	89
128	90
128	92
128	96
128	104
128	114
128	121
128	129
128	130
128	131
128	132
128	133
128	134
128	136
128	137
128	138
128	139
128	144
128	145
128	146
128	154
128	155
128	157
128	160
128	165
128	180
128	184
128	192
128	193
128	194
128	195
128	196
128	200
128	201
128	202
128	203
128	206
128	209
128	224
128	256
128	257
128	258
128	259
128	260
128	261
128	262
128	263
128	264
128	265
128	266
128	267
128	268
128	269
128	270
128	272
128	273
128	274
128	275
128	276
128	277
128	280
128	282
128	287
128	288
128	289
128	292
128	293
128	294
128	296
128	297
128	299
128	300
128	304
128	320
128	321
128	322
128	323
128	328
128	329
128	331
128	333
128	336
128	344
128	348
128	372
128	384
128	385
128	386
128	387
128	389
128	390
128	391
128	392
128	393
128	394
128	395
128	400
128	401
128	402
128	403
128	411
128	417
128	418
128	420
128	424
128	426
128	427
128	448
128	449
128	450
128	453
128	455
128	456
128	457
128	458
128	464
128	466
128	472
128	482
128	489
128	506
128	509
129	0
129	1
129	2
129	3
129	4
129	6
129	8
129	9
129	10
129	16
129	17
129	27
129	32
129	33
129	64
129	65
129	72
129	73
129	74
129	80
129	82
129	83
129	89
129	128
129	130
129	131
129	136
129	144
129	145
129	146
129	154
129	155
129	177
129	194
129	200
129	209
129	256
129	257
129	258
129	264
129	269
129	270
129	273
129	276
129	278
129	288
129	290
129	301
129	321
129	323
129	330
129	337
129	346
129	384
129	385
129	386
129	388
129	389
129	393
129	394
129	464
130	0
130	1
130	2
130	3
130	4
130	7
130	8
130	9
130	10
130	11
130	12
130	14
130	15
130	17
130	18
130	19
130	22
130	24
130	25
130	26
130	32
130	33
130	34
130	42
130	49
130	51
130	58
130	64
130	65
130	67
130	68
130	72
130	73
130	77
130	80
130	81
130	96
130	112
130	120
130	128
130	129
130	131
130	136
130	137
130	141
130	144
130	145
130	152
130	168
130	192
130	199
130	205
130	212
130	256
130	257
130	258
130	259
130	260
130	261
130	262
130	264
130	265
130	267
130	272
130	273
130	274
130	279
130	281
130	288
130	290
130	296
130	300
130	304
130	312
130	313
130	320
130	321
130	322
130	328
130	329
130	336
130	339
130	340
130	352
130	364
130	384
130	385
130	386
130	387
130	388
130	389
130	392
130	393
130	417
130	418
130	440
130	448
130	449
130	450
130	452
130	453
130	456
130	462
130	480
131	1
131	2
131	8
131	16
131	18
131	26
131	32
131	40
131	64
131	65
131	66
131	73
131	80
131	81
131	128
131	133
131	135
131	194
131	256
131	257
131	260
131	264
131	265
131	266
131	268
131	272
131	320
131	321
131	384
131	393
131	396
132	0
132	1
132	2
132	3
132	4
132	5
132	6
132	7
132	8
132	9
132	10
132	11
132	13
132	16
132	17
132	20
132	25
132	29
132	32
132	33
132	37
132	49
132	52
132	56
132	64
132	65
132	67
132	70
132	73
132	75
132	76
132	81
132	84
132	112
132	128
132	129
132	130
132	137
132	141
132	144
132	146
132	147
132	148
132	171
132	192
132	256
132	257
132	258
132	259
132	260
132	261
132	262
132	264
132	268
132	269
132	272
132	273
132	274
132	276
132	280
132	282
132	293
132	303
132	320
132	321
132	322
132	325
132	334
132	336
132	347
132	352
132	361
132	368
132	372
132	384
132	385
132	386
132	387
132	388
132	389
132	392
132	393
132	394
132	400
132	403
132	405
132	410
132	416
132	450
132	451
133	0
133	4
133	7
133	16
133	33
133	34
133	130
133	136
133	137
133	139
133	257
133	261
133	266
133	270
133	296
133	320
133	384
133	402
133	448
134	0
134	1
134	2
134	4
134	8
134	12
134	13
134	16
134	17
134	20
134	40
134	64
134	67
134	130
134	136
134	137
134	138
134	149
134	192
134	256
134	257
134	258
134	259
134	260
134	262
134	264
134	268
134	278
134	325
134	385
134	387
134	388
134	399
134	400
134	423
134	425
134	449
135	3
135	4
135	12
135	22
135	68
135	72
135	134
135	168
135	256
135	264
135	273
135	385
135	392
135	409
136	0
136	1
136	2
136	3
136	4
136	5
136	6
136	7
136	8
136	9
136	10
136	12
136	15
136	16
136	17
136	18
136	19
136	20
136	25
136	26
136	27
136	32
136	33
136	34
136	41
136	42
136	43
136	64
136	65
136	67
136	80
136	91
136	97
136	98
136	128
136	130
136	131
136	132
136	134
136	138
136	144
136	145
136	147
136	165
136	192
136	193
136	195
136	198
136	209
136	256
136	257
136	258
136	259
136	260
136	262
136	264
136	265
136	266
136	267
136	270
136	272
136	273
136	274
136	280
136	282
136	288
136	289
136	291
136	307
136	320
136	321
136	322
136	323
136	329
136	336
136	354
136	384
136	385
136	386
136	388
136	394
136	401
136	402
136	403
136	407
136	408
136	410
136	421
136	423
136	428
136	448
136	451
136	452
136	458
136	466
136	468
136	488
137	0
137	1
137	2
137	3
137	4
137	10
137	18
137	24
137	34
137	64
137	66
137	70
137	72
137	79
137	96
137	98
137	112
137	128
137	132
137	143
137	145
137	256
137	282
137	290
137	292
137	302
137	320
137	322
137	328
137	336
137	416
137	483
138	0
138	1
138	5
138	8
138	9
138	10
138	17
138	22
138	25
138	32
138	48
138	64
138	65
138	105
138	128
138	144
138	157
138	186
138	248
138	256
138	257
138	258
138	259
138	261
138	264
138	265
138	266
138	272
138	275
138	280
138	320
138	330
138	384
138	385
138	391
138	392
138	402
138	408
138	450
138	458
138	461
139	0
139	16
139	33
139	68
139	138
139	145
139	257
139	258
139	266
139	282
139	288
139	320
139	402
139	410
140	0
140	1
140	2
140	3
140	7
140	10
140	11
140	16
140	20
140	24
140	33
140	40
140	51
140	68
140	81
140	128
140	129
140	135
140	160
140	173
140	256
140	257
140	258
140	259
140	262
140	264
140	267
140	277
140	288
140	289
140	320
140	328
140	342
140	392
140	394
140	396
140	403
140	416
140	455
140	456
140	470
141	0
141	2
141	18
141	64
141	128
141	139
141	256
141	258
141	259
141	322
141	328
141	416
142	2
142	8
142	162
142	186
142	325
142	384
142	404
142	408
143	256
143	258
143	262
144	0
144	1
144	3
144	4
144	5
144	11
144	18
144	24
144	25
144	32
144	45
144	56
144	64
144	65
144	72
144	82
144	104
144	128
144	129
144	136
144	137
144	146
144	168
144	194
144	256
144	257
144	258
144	264
144	267
144	272
144	274
144	275
144	296
144	320
144	322
144	336
144	349
144	384
144	386
144	400
144	402
144	403
144	409
144	411
144	416
144	448
144	456
145	0
145	40
145	44
145	72
145	82
145	136
145	194
145	196
145	256
145	265
145	394
145	405
145	449
146	0
146	1
146	2
146	6
146	9
146	16
146	18
146	23
146	129
146	130
146	132
146	136
146	160
146	193
146	232
146	256
146	257
146	262
146	264
146	266
146	268
146	274
146	280
146	283
146	320
146	322
146	336
146	384
146	393
147	35
147	76
147	258
147	266
147	281
148	0
148	3
148	32
148	41
148	54
148	66
148	67
148	102
148	192
148	256
148	258
148	282
148	321
148	325
148	330
148	400
148	422
148	449
149	42
149	66
149	256
149	388
150	1
150	8
150	99
150	256
150	273
150	290
150	387
151	9
151	226
151	256
152	0
152	8
152	9
152	10
152	16
152	18
152	26
152	27
152	37
152	43
152	59
152	64
152	66
152	81
152	128
152	144
152	194
152	195
152	256
152	257
152	267
152	274
152	296
152	320
152	323
152	335
152	384
153	9
153	21
153	448
154	0
154	48
154	49
154	128
154	257
154	260
154	280
154	352
154	404
156	10
156	11
156	64
156	68
156	257
156	267
156	276
156	321
156	384
156	386
158	26
158	260
159	10
159	195
160	0
160	1
160	3
160	4
160	8
160	12
160	13
160	16
160	19
160	20
160	24
160	27
160	32
160	34
160	35
160	38
160	40
160	41
160	48
160	51
160	54
160	56
160	64
160	73
160	83
160	98
160	128
160	129
160	132
160	136
160	144
160	165
160	228
160	256
160	257
160	258
160	260
160	261
160	263
160	264
160	267
160	273
160	277
160	278
160	288
160	289
160	290
160	293
160	297
160	306
160	307
160	312
160	314
160	320
160	321
160	323
160	352
160	360
160	384
160	387
160	396
160	400
160	409
160	417
160	424
160	432
160	433
161	0
161	1
161	9
161	10
161	16
161	96
161	130
161	256
161	257
161	288
161	290
161	307
162	0
162	2
162	16
162	32
162	40
162	41
162	56
162	64
162	76
162	128
162	129
162	161
162	168
162	193
162	203
162	232
162	258
162	264
162	288
162	320
162	321
162	328
162	386
162	390
162	424
163	0
163	17
163	136
163	416
164	0
164	9
164	10
164	24
164	32
164	40
164	48
164	84
164	105
164	128
164	136
164	162
164	256
164	264
164	266
164	271
164	276
164	288
164	289
164	369
164	374
164	388
164	416
164	417
165	8
165	38
165	57
165	70
166	0
166	2
166	9
166	87
166	284
166	358
166	362
166	384
166	396
166	460
167	69
167	143
168	1
168	2
168	16
168	24
168	26
168	46
168	131
168	170
168	225
168	228
168	256
168	258
168	329
168	336
168	402
168	404
168	416
168	421
168	452
169	2
169	5
169	8
169	64
169	66
169	180
169	328
169	336
169	337
169	384
169	419
170	0
170	5
170	10
170	34
170	48
170	225
170	258
170	265
170	304
171	256
172	8
172	31
172	64
172	137
172	256
172	332
172	386
173	34
173	52
174	0
174	1
174	260
175	32
175	42
175	132
176	17
176	43
176	64
176	165
176	234
176	256
176	258
176	290
176	385
176	400
177	142
177	268
178	256
178	384
178	419
179	64
180	3
180	33
180	365
180	384
180	393
182	141
182	256
182	329
184	0
184	34
184	289
184	296
184	354
184	386
185	0
185	205
186	170
188	400
189	97
192	0
192	1
192	2
192	3
192	5
192	6
192	7
192	8
192	9
192	10
192	11
192	12
192	15
192	16
192	18
192	19
192	24
192	25
192	26
192	33
192	34
192	37
192	38
192	56
192	64
192	65
192	66
192	67
192	71
192	73
192	82
192	128
192	129
192	130
192	131
192	132
192	136
192	137
192	139
192	152
192	160
192	164
192	169
192	193
192	194
192	196
192	203
192	224
192	232
192	256
192	257
192	258
192	259
192	260
192	261
192	262
192	264
192	266
192	267
192	272
192	274
192	275
192	283
192	284
192	289
192	296
192	304
192	306
192	320
192	321
192	323
192	324
192	326
192	331
192	338
192	360
192	384
192	385
192	386
192	387
192	388
192	389
192	390
192	395
192	401
192	402
192	409
192	410
192	419
192	427
192	448
192	449
192	466
193	0
193	1
193	2
193	8
193	10
193	17
193	18
193	20
193	43
193	48
193	67
193	80
193	92
193	130
193	136
193	137
193	162
193	209
193	256
193	257
193	258
193	264
193	268
193	271
193	288
193	312
193	338
193	352
193	384
193	386
193	392
193	400
193	455
193	490
194	0
194	1
194	2
194	5
194	9
194	10
194	12
194	13
194	16
194	18
194	25
194	41
194	48
194	82
194	129
194	132
194	149
194	168
194	189
194	193
194	256
194	257
194	258
194	264
194	272
194	288
194	289
194	320
194	324
194	369
194	384
194	392
194	448
194	449
195	1
195	17
195	19
195	40
195	64
195	137
195	141
195	227
195	256
195	260
195	265
195	266
195	276
195	328
195	384
196	0
196	1
196	2
196	3
196	5
196	7
196	8
196	9
196	11
196	12
196	22
196	34
196	51
196	56
196	65
196	128
196	136
196	139
196	147
196	161
196	198
196	202
196	257
196	258
196	259
196	260
196	265
196	273
196	276
196	281
196	288
196	323
196	385
196	388
196	393
196	394
197	2
197	41
197	131
197	132
197	134
197	164
197	194
197	260
197	268
197	280
197	291
198	0
198	1
198	33
198	132
198	136
198	145
198	204
198	256
198	265
198	266
198	268
198	269
198	275
198	391
198	392
198	404
198	429
199	264
199	266
199	273
199	402
200	0
200	1
200	2
200	3
200	5
200	8
200	9
200	10
200	14
200	16
200	18
200	20
200	22
200	25
200	33
200	36
200	37
200	42
200	56
200	64
200	66
200	69
200	112
200	129
200	134
200	136
200	141
200	144
200	145
200	157
200	237
200	256
200	257
200	264
200	265
200	266
200	268
200	272
200	273
200	274
200	284
200	304
200	320
200	327
200	337
200	384
200	386
200	410
200	457
200	488
200	490
201	2
201	3
201	9
201	43
201	49
201	129
201	152
201	160
201	256
201	264
201	288
201	290
201	299
201	394
201	417
201	468
202	0
202	2
202	3
202	4
202	6
202	11
202	72
202	128
202	136
202	139
202	144
202	145
202	224
202	256
202	265
202	269
202	272
202	273
202	321
202	336
202	387
202	408
202	448
203	64
203	72
203	258
203	261
203	280
204	0
204	2
204	3
204	15
204	16
204	17
204	89
204	129
204	136
204	194
204	256
204	291
204	326
204	384
204	385
205	8
205	96
205	133
206	0
206	17
206	43
206	68
206	256
206	258
206	273
206	354
207	130
207	393
208	1
208	2
208	9
208	10
208	16
208	19
208	25
208	32
208	128
208	129
208	144
208	146
208	168
208	256
208	258
208	261
208	265
208	307
208	321
208	327
208	386
208	390
208	419
209	0
209	2
209	66
209	74
209	288
209	321
209	336
209	385
210	0
210	16
210	144
210	256
210	259
210	272
210	288
210	289
210	385
211	0
211	258
211	259
212	1
212	2
212	10
212	32
212	136
212	152
212	256
212	258
212	264
212	265
212	270
212	391
212	394
212	455
213	256
213	266
214	0
215	4
215	384
216	0
216	1
216	8
216	11
216	73
216	128
216	132
216	256
216	258
216	266
216	384
216	416
217	0
217	385
218	272
218	274
221	256
222	73
222	481
223	280
224	0
224	2
224	6
224	11
224	19
224	46
224	104
224	128
224	129
224	163
224	168
224	171
224	192
224	256
224	258
224	263
224	289
224	296
224	322
224	384
224	386
224	416
225	96
225	128
225	256
225	270
225	272
225	402
225	424
225	425
226	0
226	19
226	32
226	33
226	64
226	66
226	97
226	128
226	129
226	196
226	257
226	260
226	290
226	307
226	417
227	5
227	272
228	23
228	262
228	455
230	28
230	43
230	464
231	2
232	0
232	1
232	2
232	33
232	48
232	160
232	256
232	294
232	297
232	384
233	21
233	400
234	41
234	161
234	256
234	262
234	264
234	273
234	289
236	32
236	130
236	418
237	0
237	256
237	387
238	2
239	3
240	2
240	259
240	264
240	325
245	294
247	385
247	409
249	321
250	296
251	17
251	80
252	136
254	226
256	0
256	1
256	2
256	3
256	4
256	5
256	6
256	7
256	8
256	9
256	10
256	11
256	12
256	13
256	14
256	16
256	17
256	18
256	19
256	20
256	22
256	23
256	24
256	25
256	26
256	27
256	28
256	32
256	33
256	34
256	35
256	39
256	40
256	41
256	42
256	44
256	48
256	49
256	51
256	64
256	65
256	66
256	67
256	68
256	69
256	70
256	72
256	73
256	74
256	75
256	76
256	77
256	78
256	79
256	80
256	82
256	88
256	96
256	99
256	100
256	101
256	104
256	106
256	120
256	128
256	129
256	130
256	131
256	136
256	138
256	139
256	140
256	142
256	144
256	145
256	146
256	147
256	152
256	154
256	160
256	162
256	163
256	164
256	171
256	176
256	192
256	194
256	200
256	201
256	213
256	226
256	257
256	258
256	259
256	260
256	261
256	263
256	264
256	265
256	266
256	267
256	268
256	270
256	271
256	272
256	273
256	274
256	275
256	276
256	277
256	280
256	282
256	284
256	288
256	296
256	298
256	302
256	303
256	305
256	315
256	320
256	321
256	322
256	323
256	324
256	326
256	328
256	329
256	331
256	333
256	336
256	337
256	344
256	348
256	352
256	360
256	364
256	376
256	384
256	385
256	386
256	392
256	393
256	401
256	404
256	410
256	448
256	450
256	455
256	457
257	0
257	1
257	2
257	3
257	7
257	8
257	9
257	10
257	11
257	12
257	16
257	18
257	19
257	22
257	26
257	28
257	32
257	34
257	38
257	64
257	65
257	66
257	69
257	70
257	74
257	80
257	81
257	84
257	86
257	105
257	106
257	128
257	129
257	130
257	131
257	136
257	138
257	146
257	153
257	154
257	162
257	201
257	202
257	224
257	256
257	258
257	259
257	260
257	261
257	264
257	266
257	267
257	272
257	274
257	280
257	282
257	288
257	298
257	304
257	307
257	320
257	322
257	329
257	337
257	338
257	384
257	386
257	392
257	424
257	432
257	464
258	0
258	1
258	2
258	3
258	4
258	5
258	6
258	8
258	9
258	10
258	11
258	12
258	16
258	17
258	19
258	24
258	25
258	26
258	32
258	33
258	34
258	40
258	42
258	48
258	50
258	64
258	65
258	66
258	69
258	70
258	72
258	73
258	80
258	84
258	96
258	128
258	129
258	130
258	131
258	136
258	137
258	138
258	144
258	152
258	162
258	176
258	192
258	205
258	213
258	256
258	257
258	259
258	261
258	264
258	265
258	266
258	272
258	273
258	280
258	282
258	291
258	320
258	321
258	322
258	328
258	332
258	336
258	384
258	392
258	394
258	405
258	425
258	465
259	0
259	1
259	2
259	4
259	5
259	8
259	9
259	13
259	17
259	26
259	33
259	40
259	64
259	72
259	75
259	80
259	81
259	131
259	161
259	192
259	210
259	224
259	240
259	256
259	257
259	258
259	260
259	264
259	265
259	266
259	276
259	321
259	328
259	384
260	0
260	1
260	2
260	3
260	4
260	5
260	6
260	8
260	9
260	10
260	12
260	16
260	17
260	18
260	19
260	21
260	23
260	24
260	25
260	32
260	35
260	41
260	49
260	64
260	66
260	67
260	68
260	69
260	71
260	72
260	73
260	74
260	80
260	81
260	83
260	85
260	129
260	130
260	136
260	141
260	145
260	146
260	147
260	148
260	154
260	170
260	190
260	192
260	193
260	196
260	197
260	200
260	228
260	256
260	257
260	258
260	261
260	262
260	263
260	264
260	265
260	266
260	267
260	268
260	272
260	273
260	278
260	280
260	288
260	298
260	304
260	306
260	320
260	321
260	322
260	327
260	328
260	329
260	332
260	338
260	341
260	385
260	386
260	388
260	392
260	394
260	395
260	440
260	481
261	0
261	2
261	3
261	4
261	6
261	8
261	9
261	12
261	16
261	17
261	64
261	66
261	73
261	90
261	96
261	98
261	129
261	131
261	155
261	196
261	256
261	257
261	260
261	263
261	272
261	320
261	393
261	398
261	448
262	0
262	1
262	2
262	3
262	4
262	6
262	7
262	8
262	9
262	10
262	16
262	17
262	20
262	25
262	29
262	31
262	33
262	64
262	66
262	74
262	75
262	76
262	128
262	129
262	130
262	256
262	258
262	259
262	261
262	265
262	272
262	277
262	288
262	321
262	324
262	330
262	386
262	452
263	0
263	1
263	3
263	9
263	40
263	72
263	74
263	130
263	264
263	272
263	297
263	320
264	0
264	1
264	2
264	3
264	4
264	5
264	6
264	8
264	9
264	10
264	11
264	14
264	15
264	16
264	17
264	18
264	20
264	21
264	22
264	24
264	25
264	26
264	27
264	32
264	33
264	34
264	43
264	48
264	49
264	50
264	55
264	56
264	64
264	65
264	66
264	67
264	68
264	72
264	74
264	75
264	76
264	80
264	81
264	82
264	84
264	105
264	107
264	129
264	130
264	131
264	138
264	146
264	152
264	154
264	157
264	168
264	192
264	196
264	200
264	219
264	256
264	257
264	258
264	259
264	261
264	263
264	265
264	267
264	272
264	273
264	275
264	276
264	280
264	281
264	283
264	289
264	296
264	299
264	301
264	321
264	322
264	323
264	324
264	329
264	336
264	337
264	384
264	385
264	387
264	392
264	400
264	427
264	472
265	0
265	1
265	2
265	3
265	5
265	6
265	8
265	17
265	32
265	44
265	50
265	65
265	66
265	82
265	128
265	129
265	130
265	136
265	138
265	145
265	192
265	256
265	257
265	258
265	260
265	280
265	320
265	321
265	322
265	386
265	400
265	464
266	0
266	1
266	2
266	3
266	4
266	5
266	9
266	11
266	16
266	17
266	20
266	24
266	25
266	33
266	35
266	41
266	43
266	50
266	64
266	66
266	84
266	85
266	88
266	96
266	128
266	136
266	137
266	144
266	187
266	200
266	256
266	257
266	258
266	260
266	264
266	265
266	273
266	276
266	289
266	320
266	340
266	360
266	384
266	464
267	0
267	2
267	6
267	8
267	14
267	16
267	72
267	89
267	130
267	146
267	256
267	260
267	289
267	330
268	0
268	1
268	2
268	3
268	4
268	5
268	6
268	8
268	9
268	10
268	11
268	17
268	19
268	22
268	26
268	34
268	41
268	64
268	68
268	72
268	77
268	83
268	128
268	129
268	137
268	162
268	256
268	257
268	258
268	259
268	261
268	264
268	273
268	280
268	288
268	289
268	292
268	320
268	321
268	330
268	352
268	392
268	480
269	0
269	4
269	8
269	22
269	42
269	136
269	160
269	261
269	274
269	296
269	387
270	0
270	1
270	5
270	7
270	8
270	9
270	17
270	18
270	22
270	29
270	32
270	36
270	42
270	69
270	73
270	170
270	256
270	259
270	336
270	368
270	385
271	0
271	2
271	64
271	257
271	321
272	0
272	1
272	2
272	4
272	5
272	8
272	10
272	11
272	12
272	16
272	17
272	18
272	19
272	25
272	56
272	64
272	65
272	67
272	72
272	73
272	79
272	80
272	84
272	128
272	130
272	131
272	136
272	138
272	139
272	160
272	176
272	177
272	193
272	202
272	225
272	256
272	257
272	258
272	259
272	264
272	268
272	274
272	290
272	291
272	292
272	384
272	385
272	393
272	420
273	0
273	2
273	8
273	16
273	34
273	64
273	65
273	72
273	75
273	258
273	390
274	0
274	2
274	3
274	8
274	12
274	16
274	19
274	25
274	31
274	32
274	33
274	40
274	42
274	48
274	64
274	65
274	68
274	72
274	129
274	256
274	262
274	264
274	265
274	306
274	320
274	448
275	66
275	72
275	88
275	128
275	130
275	265
275	268
275	272
275	304
276	0
276	2
276	3
276	4
276	11
276	16
276	17
276	33
276	74
276	76
276	130
276	256
276	259
276	264
276	266
276	364
276	384
276	393
277	0
277	128
277	256
277	258
277	261
277	278
277	304
278	1
278	64
278	132
278	256
278	266
279	72
279	256
280	0
280	1
280	2
280	4
280	8
280	10
280	13
280	16
280	17
280	18
280	19
280	34
280	72
280	129
280	151
280	152
280	161
280	195
280	202
280	210
280	256
280	259
280	273
280	276
280	298
280	322
280	336
281	0
281	2
281	3
281	64
281	78
282	1
282	8
282	72
282	272
282	274
283	0
283	3
283	7
283	16
283	256
283	281
284	1
284	2
284	4
284	8
284	16
284	20
284	32
284	64
284	240
284	257
284	258
284	274
284	390
285	264
285	408
286	1
286	132
286	136
286	256
286	400
287	256
287	257
288	0
288	1
288	2
288	3
288	6
288	8
288	9
288	11
288	14
288	16
288	18
288	24
288	27
288	32
288	33
288	35
288	36
288	40
288	44
288	49
288	55
288	64
288	65
288	66
288	70
288	71
288	80
288	81
288	83
288	96
288	105
288	106
288	128
288	136
288	145
288	160
288	161
288	162
288	171
288	195
288	256
288	257
288	258
288	259
288	262
288	263
288	266
288	267
288	272
288	273
288	284
288	290
288	293
288	294
288	309
288	320
288	340
288	344
288	358
288	370
288	384
288	400
288	416
288	418
288	448
288	480
288	483
289	0
289	5
289	32
289	40
289	41
289	80
289	96
289	116
289	130
289	132
289	176
289	258
289	264
289	288
289	293
289	299
289	320
290	0
290	1
290	4
290	8
290	11
290	16
290	17
290	32
290	33
290	66
290	68
290	100
290	128
290	178
290	256
290	257
290	260
290	261
290	289
290	291
290	307
290	322
290	324
290	344
290	360
290	400
290	416
291	1
291	29
291	32
291	162
291	206
291	256
291	277
291	324
292	0
292	1
292	2
292	5
292	33
292	34
292	40
292	57
292	136
292	168
292	264
292	272
292	290
292	328
293	2
293	136
293	260
294	2
294	8
294	11
294	32
294	68
294	166
294	225
294	292
294	393
295	1
295	128
296	0
296	1
296	2
296	6
296	7
296	8
296	12
296	16
296	17
296	33
296	39
296	45
296	50
296	52
296	66
296	72
296	96
296	160
296	161
296	164
296	165
296	175
296	256
296	259
296	260
296	264
296	270
296	289
296	325
296	328
296	329
296	330
296	352
296	384
296	387
296	400
297	16
297	35
297	64
297	128
297	256
297	320
297	392
298	0
298	2
298	40
298	105
298	257
298	267
298	273
298	289
298	386
298	393
299	2
299	5
299	257
299	264
300	0
300	8
300	9
300	10
300	72
300	233
300	288
301	74
302	0
302	96
302	112
303	40
303	67
303	272
304	0
304	1
304	2
304	3
304	22
304	36
304	41
304	128
304	134
304	193
304	258
304	263
304	264
304	331
305	114
306	0
306	1
306	18
306	20
306	40
307	297
308	3
308	16
308	17
308	66
308	312
310	32
312	18
312	24
312	97
312	256
312	258
312	259
314	42
314	407
316	34
316	299
320	0
320	1
320	2
320	3
320	4
320	5
320	6
320	8
320	9
320	10
320	11
320	12
320	13
320	14
320	16
320	17
320	18
320	19
320	20
320	24
320	25
320	33
320	34
320	35
320	36
320	40
320	42
320	44
320	50
320	59
320	64
320	65
320	66
320	68
320	70
320	72
320	73
320	75
320	76
320	77
320	80
320	88
320	96
320	107
320	112
320	113
320	128
320	129
320	130
320	131
320	135
320	136
320	137
320	138
320	144
320	147
320	152
320	179
320	193
320	195
320	201
320	208
320	210
320	256
320	257
320	258
320	259
320	261
320	264
320	265
320	271
320	272
320	273
320	281
320	288
320	289
320	290
320	330
320	339
320	352
320	355
320	384
320	386
320	402
320	416
320	417
320	448
321	0
321	1
321	2
321	3
321	5
321	6
321	9
321	16
321	20
321	22
321	24
321	26
321	33
321	58
321	64
321	66
321	80
321	81
321	128
321	135
321	138
321	143
321	180
321	200
321	256
321	258
321	266
321	267
321	328
321	329
321	348
321	384
321	385
322	0
322	1
322	2
322	3
322	5
322	6
322	8
322	10
322	12
322	16
322	17
322	19
322	22
322	32
322	44
322	64
322	65
322	72
322	76
322	81
322	82
322	128
322	129
322	133
322	134
322	137
322	167
322	204
322	256
322	257
322	258
322	264
322	274
322	275
322	295
322	297
322	324
322	328
322	384
322	385
322	394
322	395
322	400
322	408
322	409
322	448
323	0
323	1
323	42
323	48
323	65
323	129
323	160
323	344
323	385
323	392
323	416
324	0
324	1
324	2
324	4
324	5
324	6
324	8
324	10
324	11
324	12
324	13
324	16
324	19
324	32
324	64
324	72
324	99
324	100
324	104
324	128
324	131
324	257
324	258
324	268
324	272
324	274
324	288
324	291
324	292
324	320
324	389
324	391
324	395
325	0
325	4
325	9
325	11
325	80
325	102
325	137
325	340
325	400
326	1
326	2
326	9
326	10
326	21
326	30
326	49
326	76
326	85
326	169
326	256
326	260
326	268
326	269
326	273
326	320
326	344
326	388
327	80
327	132
327	258
327	334
328	0
328	1
328	2
328	3
328	9
328	10
328	11
328	12
328	16
328	17
328	19
328	22
328	25
328	32
328	35
328	40
328	49
328	56
328	58
328	64
328	65
328	66
328	73
328	74
328	81
328	82
328	98
328	128
328	129
328	130
328	131
328	148
328	162
328	202
328	256
328	257
328	258
328	261
328	264
328	266
328	270
328	272
328	283
328	288
328	290
328	320
328	322
328	323
328	324
328	392
328	394
328	416
328	425
328	449
329	0
329	1
329	3
329	4
329	8
329	16
329	19
329	24
329	65
329	217
329	256
329	320
329	326
329	384
329	452
330	0
330	1
330	2
330	3
330	4
330	8
330	9
330	12
330	16
330	17
330	26
330	32
330	40
330	68
330	96
330	257
330	260
330	261
330	264
330	269
330	272
330	282
330	296
330	320
330	325
330	344
331	0
331	1
331	16
331	129
331	136
331	257
331	320
332	0
332	2
332	3
332	8
332	9
332	12
332	21
332	24
332	36
332	50
332	88
332	258
332	259
332	275
332	296
332	320
332	405
332	457
333	16
333	134
333	258
333	442
334	0
334	33
334	65
334	139
334	160
334	288
334	385
335	300
336	0
336	2
336	4
336	8
336	9
336	10
336	12
336	19
336	42
336	49
336	80
336	81
336	90
336	101
336	128
336	136
336	139
336	203
336	256
336	257
336	258
336	265
336	281
336	320
337	0
337	2
337	8
337	10
337	19
337	80
337	131
337	321
337	386
338	0
338	1
338	5
338	8
338	25
338	32
338	41
338	47
338	64
338	144
338	256
338	328
339	0
339	33
339	69
340	1
340	10
340	21
340	73
340	131
340	185
340	260
340	266
341	1
341	17
342	135
342	256
342	257
344	0
344	1
344	2
344	17
344	32
344	34
344	65
344	134
344	138
344	257
344	262
344	289
344	320
345	17
345	18
345	129
346	0
346	73
346	182
347	256
347	403
348	1
350	1
350	18
352	0
352	1
352	2
352	3
352	4
352	10
352	16
352	17
352	21
352	32
352	34
352	35
352	36
352	37
352	41
352	64
352	66
352	67
352	99
352	129
352	256
352	258
352	275
352	288
352	307
352	399
352	466
353	0
353	32
353	34
353	40
353	53
353	257
353	274
354	0
354	3
354	15
354	16
354	33
354	56
354	89
354	97
354	104
354	128
354	160
354	256
354	320
355	8
355	40
355	156
356	0
356	8
356	49
356	92
356	256
356	258
356	272
356	353
358	5
358	8
358	9
358	33
358	128
358	293
359	41
359	264
360	0
360	11
360	13
360	34
360	41
360	99
360	120
360	130
360	171
360	266
360	273
360	290
360	305
362	3
362	12
362	73
362	256
362	275
362	323
363	272
364	1
364	35
364	136
364	305
365	332
366	256
368	49
368	328
369	259
370	256
370	304
371	416
372	8
372	30
372	342
374	72
376	4
376	56
378	12
380	9
384	0
384	1
384	2
384	3
384	5
384	6
384	7
384	8
384	9
384	10
384	11
384	15
384	16
384	19
384	32
384	35
384	37
384	40
384	51
384	56
384	59
384	64
384	65
384	66
384	68
384	69
384	72
384	74
384	96
384	128
384	129
384	130
384	131
384	132
384	134
384	137
384	138
384	139
384	140
384	144
384	145
384	146
384	147
384	152
384	167
384	170
384	184
384	192
384	194
384	196
384	200
384	202
384	208
384	210
384	222
384	256
384	257
384	258
384	259
384	264
384	266
384	267
384	272
384	273
384	274
384	280
384	281
384	283
384	320
384	322
384	328
384	339
384	352
384	358
384	372
384	385
384	386
384	387
384	388
384	392
384	395
384	401
384	449
384	451
384	458
384	498
385	0
385	1
385	2
385	3
385	4
385	8
385	16
385	18
385	19
385	25
385	31
385	32
385	33
385	80
385	83
385	98
385	104
385	128
385	130
385	131
385	137
385	225
385	256
385	257
385	266
385	268
385	292
385	320
385	322
385	336
385	344
386	0
386	1
386	2
386	3
386	4
386	5
386	10
386	12
386	18
386	64
386	65
386	72
386	73
386	81
386	128
386	129
386	144
386	160
386	192
386	193
386	256
386	259
386	261
386	264
386	265
386	272
386	313
386	321
386	323
386	324
386	328
386	338
386	384
386	401
386	406
386	410
386	449
387	0
387	7
387	10
387	66
387	80
387	128
387	129
387	195
387	258
387	390
387	400
387	401
388	0
388	1
388	2
388	8
388	9
388	11
388	17
388	32
388	37
388	59
388	64
388	65
388	68
388	95
388	98
388	128
388	129
388	131
388	134
388	136
388	137
388	142
388	153
388	154
388	160
388	187
388	192
388	193
388	194
388	197
388	202
388	205
388	216
388	227
388	256
388	257
388	273
388	279
388	297
388	308
388	325
388	362
388	384
388	386
388	449
389	129
389	146
389	148
389	258
389	290
389	328
390	0
390	1
390	8
390	16
390	67
390	71
390	76
390	82
390	128
390	130
390	204
390	256
390	262
390	397
390	405
390	440
390	466
392	0
392	1
392	2
392	3
392	4
392	5
392	8
392	10
392	17
392	18
392	24
392	32
392	35
392	36
392	43
392	60
392	64
392	65
392	66
392	80
392	85
392	104
392	128
392	129
392	131
392	133
392	144
392	146
392	192
392	201
392	204
392	256
392	257
392	264
392	266
392	272
392	277
392	293
392	320
392	322
392	331
392	384
392	385
392	400
392	417
392	419
392	454
393	0
393	2
393	3
393	10
393	19
393	32
393	40
393	64
393	128
393	130
393	134
393	136
393	170
393	259
393	267
394	0
394	1
394	8
394	24
394	64
394	72
394	80
394	128
394	129
394	145
394	256
394	260
394	296
394	313
394	320
394	328
394	385
394	388
394	416
395	1
395	128
396	0
396	1
396	2
396	9
396	33
396	68
396	128
396	144
396	192
396	234
396	257
396	273
396	330
396	399
397	64
397	128
397	168
397	477
398	0
398	3
398	4
398	128
398	149
398	322
398	408
398	456
400	0
400	2
400	10
400	16
400	17
400	33
400	34
400	54
400	66
400	72
400	131
400	224
400	258
400	320
400	322
400	337
400	384
401	276
402	10
402	16
402	69
402	338
404	10
404	160
405	140
405	161
408	1
408	3
408	8
408	9
408	17
408	26
408	33
408	40
408	257
408	259
408	273
409	132
410	1
410	8
410	15
412	0
412	25
412	28
412	34
412	68
412	136
414	19
416	0
416	1
416	6
416	9
416	11
416	41
416	66
416	67
416	98
416	128
416	129
416	144
416	160
416	193
416	228
416	256
416	260
416	262
416	288
416	289
416	306
416	388
416	393
416	418
417	0
417	11
417	32
417	33
417	147
418	2
418	256
419	32
420	0
420	2
420	43
420	144
420	322
421	32
421	129
421	162
422	64
422	104
422	265
422	289
424	2
424	34
424	40
424	65
424	67
424	69
424	128
424	192
424	257
424	271
424	332
424	384
425	50
425	160
426	0
426	16
426	32
426	141
426	261
426	289
426	320
426	457
427	128
428	40
428	274
428	305
429	62
430	129
432	9
432	18
432	32
432	66
432	144
434	157
434	224
436	0
448	1
448	3
448	7
448	8
448	9
448	10
448	13
448	14
448	16
448	18
448	19
448	26
448	32
448	36
448	40
448	64
448	65
448	68
448	70
448	75
448	83
448	128
448	129
448	130
448	131
448	136
448	146
448	152
448	157
448	161
448	192
448	195
448	210
448	240
448	256
448	257
448	258
448	260
448	261
448	266
448	268
448	274
448	276
448	282
448	283
448	323
448	384
448	388
448	400
448	408
448	433
448	451
449	1
449	16
449	24
449	32
449	72
449	73
449	80
449	128
449	129
449	168
449	256
449	258
450	0
450	1
450	34
450	48
450	65
450	104
450	128
450	144
450	256
450	257
450	258
450	264
450	272
450	277
450	296
451	32
451	74
452	0
452	2
452	4
452	11
452	90
452	128
452	136
452	137
452	192
452	256
452	260
453	1
453	200
454	1
454	2
454	4
454	5
454	8
454	128
454	200
454	384
455	0
455	16
455	136
456	0
456	6
456	19
456	20
456	32
456	49
456	65
456	128
456	130
456	132
456	137
456	139
456	140
456	146
456	149
456	176
456	230
456	259
456	279
456	296
456	321
456	342
456	384
456	394
456	449
457	33
457	56
457	320
457	480
458	2
458	10
458	76
458	80
458	133
458	136
458	212
458	256
458	384
458	404
460	4
460	12
460	13
460	19
460	256
460	258
460	424
461	6
461	130
462	9
462	129
462	134
462	416
463	288
464	5
464	43
464	66
464	130
464	163
464	256
464	288
464	296
464	321
464	400
465	400
466	2
466	384
466	409
467	0
468	0
472	2
472	263
474	64
480	16
480	28
480	130
480	131
480	134
480	290
481	0
481	128
481	384
482	49
482	256
482	291
483	136
484	0
485	168
486	9
488	5
488	136
488	288
489	432
490	73
490	129
492	4
492	18
492	160
494	328
496	37
496	66
496	80
